*
7
1 2 3 1 4 2 2
1 2
1 3
3 4
3 5
4 6
5 7
*
11
1 2 3 4 1 6 7 8 9 10 11
1 2
2 3
3 4
3 5
5 8
5 6
6 9
4 10
6 7
7 11
*
10
6 15 19 14 12 18 16 1 5 6
2 1
3 2
4 1
5 4
6 2
7 3
8 2
9 8
10 5
*
10
5 16 17 11 11 11 14 9 4 18
2 1
3 1
4 3
5 4
6 4
7 6
8 6
9 1
10 8
*
10
8 16 4 15 3 18 10 9 11 5
2 1
3 2
4 3
5 2
6 3
7 2
8 2
9 8
10 4
*
10
17 5 6 3 12 13 10 17 6 20
2 1
3 2
4 1
5 3
6 2
7 2
8 2
9 3
10 4
*
10
15 9 11 13 6 12 2 1 4 3
2 1
3 2
4 3
5 1
6 3
7 6
8 6
9 5
10 5
*
10
11 15 11 13 3 10 18 19 14 10
2 1
3 1
4 3
5 1
6 3
7 6
8 4
9 8
10 4
*
10
3 9 1 16 10 17 4 1 20 9
2 1
3 1
4 3
5 3
6 5
7 6
8 6
9 5
10 5
*
10
5 12 12 4 10 12 4 3 1 16
2 1
3 1
4 3
5 1
6 1
7 5
8 1
9 4
10 4
*
10
5 3 15 15 3 19 8 5 15 14
2 1
3 1
4 3
5 4
6 2
7 5
8 6
9 8
10 5
*
10
6 2 9 14 18 1 16 4 15 1
2 1
3 1
4 3
5 2
6 4
7 6
8 5
9 3
10 5
*
10
16 14 5 14 7 4 16 5 1 17
2 1
3 2
4 1
5 3
6 2
7 6
8 7
9 6
10 2
*
10
18 10 15 20 18 16 12 6 9 13
2 1
3 1
4 3
5 2
6 3
7 3
8 7
9 6
10 5
*
10
10 4 14 4 6 2 8 3 10 20
2 1
3 1
4 1
5 1
6 1
7 6
8 7
9 7
10 4
*
10
18 7 20 20 5 3 13 9 3 12
2 1
3 1
4 1
5 2
6 1
7 3
8 4
9 6
10 5
*
10
6 14 5 20 9 14 7 12 1 8
2 1
3 1
4 2
5 2
6 5
7 1
8 3
9 1
10 9
*
10
7 18 7 18 9 18 10 8 7 3
2 1
3 1
4 1
5 1
6 4
7 3
8 7
9 3
10 5
*
10
9 11 9 19 1 1 11 15 7 3
2 1
3 1
4 1
5 3
6 5
7 6
8 6
9 1
10 8
*
10
17 18 15 15 13 3 10 14 8 1
2 1
3 1
4 3
5 3
6 2
7 5
8 3
9 6
10 8
*
10
3 10 10 4 9 11 14 9 4 17
2 1
3 1
4 1
5 1
6 1
7 3
8 6
9 8
10 5
*
10
15 10 16 3 11 7 17 3 8 17
2 1
3 2
4 1
5 1
6 4
7 2
8 4
9 6
10 1
*
10
4 17 6 12 2 11 3 7 18 18
2 1
3 2
4 1
5 2
6 1
7 2
8 1
9 8
10 3
*
10
10 7 7 20 18 5 1 15 7 2
2 1
3 2
4 2
5 2
6 5
7 3
8 3
9 5
10 5
*
10
1 16 3 7 16 16 3 16 5 12
2 1
3 2
4 3
5 1
6 5
7 1
8 3
9 5
10 3
*
10
7 11 3 15 8 11 9 12 1 8
2 1
3 2
4 1
5 2
6 4
7 5
8 1
9 1
10 5
*
10
1 14 6 10 4 4 1 14 19 1
2 1
3 1
4 2
5 4
6 2
7 6
8 3
9 8
10 6
*
10
17 9 5 17 20 6 7 18 13 1
2 1
3 1
4 1
5 4
6 3
7 5
8 6
9 4
10 9
*
10
11 18 5 7 10 14 14 4 9 3
2 1
3 1
4 2
5 4
6 1
7 1
8 2
9 5
10 3
*
10
7 1 12 18 7 20 15 7 14 9
2 1
3 2
4 1
5 1
6 1
7 3
8 6
9 8
10 6
*
10
7 14 2 11 9 1 6 20 13 4
2 1
3 2
4 3
5 2
6 4
7 4
8 2
9 6
10 5
*
10
1 6 8 6 14 13 1 5 10 19
2 1
3 2
4 1
5 4
6 4
7 6
8 1
9 2
10 8
*
10
6 7 17 14 3 18 3 19 6 6
2 1
3 2
4 3
5 1
6 3
7 5
8 3
9 1
10 8
*
10
17 14 4 10 17 20 12 20 6 11
2 1
3 2
4 1
5 1
6 4
7 5
8 4
9 1
10 4
*
10
6 10 16 20 16 10 12 9 11 13
2 1
3 1
4 1
5 3
6 1
7 4
8 1
9 5
10 8
*
10
7 8 6 10 10 17 7 18 6 17
2 1
3 2
4 3
5 2
6 5
7 5
8 4
9 3
10 1
*
10
17 18 1 4 12 18 16 8 9 18
2 1
3 2
4 3
5 2
6 2
7 6
8 7
9 7
10 3
*
10
7 8 6 10 8 17 16 10 5 9
2 1
3 1
4 3
5 3
6 3
7 4
8 6
9 4
10 6
*
10
7 10 1 3 9 1 18 10 6 3
2 1
3 1
4 3
5 1
6 1
7 4
8 5
9 3
10 7
*
10
11 17 11 10 10 6 20 1 19 14
2 1
3 1
4 1
5 3
6 4
7 4
8 1
9 1
10 7
*
10
20 18 3 20 5 18 6 10 12 15
2 1
3 2
4 2
5 1
6 4
7 5
8 3
9 6
10 6
*
10
6 16 2 11 3 16 10 3 7 15
2 1
3 1
4 3
5 1
6 1
7 3
8 1
9 7
10 2
*
10
14 10 7 16 19 20 12 13 16 14
2 1
3 1
4 1
5 4
6 4
7 2
8 2
9 5
10 7
*
10
20 6 3 18 20 20 18 5 14 5
2 1
3 1
4 2
5 2
6 2
7 2
8 1
9 8
10 1
*
10
5 18 9 13 20 11 8 5 16 1
2 1
3 1
4 2
5 4
6 3
7 1
8 1
9 2
10 7
*
10
2 6 4 17 8 11 12 15 14 12
2 1
3 2
4 1
5 1
6 3
7 4
8 3
9 2
10 4
*
10
2 3 15 5 7 19 14 11 12 3
2 1
3 1
4 1
5 2
6 2
7 4
8 2
9 1
10 3
*
10
17 10 16 8 15 7 12 6 13 1
2 1
3 2
4 1
5 3
6 4
7 3
8 6
9 4
10 7
*
10
19 10 2 6 9 6 2 15 7 5
2 1
3 2
4 2
5 3
6 5
7 5
8 4
9 7
10 9
*
10
12 14 15 9 13 20 6 1 17 3
2 1
3 1
4 3
5 2
6 1
7 5
8 6
9 2
10 7
*
10
19 9 20 2 17 9 11 19 3 8
2 1
3 2
4 3
5 1
6 3
7 1
8 2
9 6
10 6
*
10
17 19 3 9 14 12 20 8 16 15
2 1
3 1
4 1
5 1
6 2
7 3
8 6
9 7
10 3
*
10
10 5 13 3 18 19 8 12 13 19
2 1
3 1
4 2
5 2
6 4
7 3
8 2
9 7
10 4
*
10
2 13 13 5 2 17 6 19 3 18
2 1
3 1
4 3
5 1
6 3
7 1
8 5
9 3
10 8
*
10
6 5 10 9 8 6 9 11 4 4
2 1
3 1
4 2
5 3
6 5
7 6
8 5
9 3
10 9
*
10
9 3 12 20 19 1 5 2 6 12
2 1
3 1
4 2
5 1
6 4
7 5
8 7
9 4
10 3
*
10
6 13 8 8 3 13 12 12 18 6
2 1
3 1
4 1
5 4
6 5
7 2
8 5
9 7
10 4
*
10
20 10 13 20 6 2 2 3 17 6
2 1
3 2
4 3
5 1
6 1
7 6
8 3
9 6
10 8
*
10
12 7 11 19 17 19 6 4 19 14
2 1
3 2
4 2
5 1
6 1
7 5
8 1
9 5
10 9
*
10
11 10 11 13 18 20 18 12 8 5
2 1
3 2
4 3
5 2
6 3
7 1
8 2
9 6
10 7
*
10
4 12 5 7 5 1 5 1 12 12
2 1
3 1
4 1
5 2
6 5
7 4
8 3
9 7
10 8
*
10
11 13 17 12 7 17 15 12 18 19
2 1
3 1
4 2
5 3
6 4
7 5
8 1
9 8
10 6
*
10
8 18 4 15 8 19 6 10 4 13
2 1
3 2
4 3
5 3
6 4
7 3
8 5
9 5
10 1
*
10
16 10 2 14 13 8 20 9 15 16
2 1
3 2
4 1
5 4
6 3
7 5
8 7
9 4
10 6
*
10
6 7 7 5 3 17 15 9 9 16
2 1
3 2
4 2
5 4
6 2
7 1
8 4
9 2
10 2
*
10
13 19 12 18 4 4 8 17 8 18
2 1
3 1
4 2
5 1
6 5
7 1
8 4
9 3
10 8
*
10
4 16 4 3 18 5 16 3 10 17
2 1
3 1
4 1
5 4
6 2
7 2
8 2
9 4
10 3
*
10
18 6 14 18 6 2 13 20 17 17
2 1
3 1
4 3
5 3
6 5
7 6
8 1
9 5
10 2
*
10
12 4 12 8 13 16 13 9 18 18
2 1
3 1
4 1
5 2
6 2
7 2
8 6
9 4
10 7
*
10
17 14 2 2 14 13 9 5 9 19
2 1
3 1
4 3
5 2
6 2
7 4
8 3
9 3
10 7
*
10
15 18 17 8 9 17 6 20 16 13
2 1
3 1
4 1
5 1
6 3
7 5
8 2
9 6
10 6
*
10
6 1 18 11 7 8 2 19 1 9
2 1
3 2
4 1
5 3
6 1
7 3
8 4
9 6
10 5
*
10
13 1 2 8 18 1 11 3 14 16
2 1
3 2
4 3
5 3
6 4
7 4
8 3
9 3
10 4
*
10
6 20 3 9 16 9 10 17 18 11
2 1
3 1
4 3
5 2
6 1
7 4
8 4
9 4
10 2
*
10
9 20 9 7 1 7 9 15 7 8
2 1
3 1
4 2
5 4
6 1
7 4
8 7
9 5
10 2
*
10
10 5 6 1 10 7 15 10 20 16
2 1
3 1
4 3
5 1
6 4
7 1
8 7
9 5
10 5
*
10
18 18 9 11 4 14 8 16 15 13
2 1
3 1
4 1
5 3
6 4
7 3
8 3
9 7
10 5
*
10
10 2 6 1 14 4 2 17 6 19
2 1
3 2
4 2
5 3
6 2
7 4
8 2
9 5
10 8
*
10
19 3 4 2 4 12 7 4 20 20
2 1
3 2
4 3
5 1
6 1
7 6
8 3
9 8
10 9
*
10
13 15 19 2 4 13 2 3 16 3
2 1
3 2
4 3
5 3
6 1
7 6
8 5
9 5
10 3
*
10
15 15 7 16 13 16 5 20 5 8
2 1
3 2
4 1
5 4
6 4
7 1
8 3
9 1
10 6
*
10
18 8 19 8 7 17 17 7 5 5
2 1
3 1
4 3
5 1
6 4
7 4
8 3
9 1
10 7
*
10
12 15 7 13 19 3 20 9 4 20
2 1
3 2
4 1
5 4
6 1
7 6
8 2
9 2
10 7
*
10
4 3 12 12 15 4 6 18 2 7
2 1
3 1
4 1
5 2
6 2
7 6
8 1
9 5
10 6
*
10
20 5 17 8 5 10 5 18 10 6
2 1
3 2
4 1
5 2
6 4
7 1
8 3
9 5
10 9
*
10
3 5 19 12 20 15 20 14 11 7
2 1
3 2
4 2
5 3
6 5
7 3
8 7
9 2
10 8
*
10
20 16 9 9 12 19 13 10 7 13
2 1
3 1
4 1
5 4
6 2
7 3
8 3
9 2
10 7
*
10
7 11 3 6 10 17 5 8 4 3
2 1
3 2
4 3
5 3
6 1
7 1
8 4
9 6
10 9
*
10
9 1 5 8 19 4 15 17 10 4
2 1
3 1
4 1
5 2
6 1
7 2
8 4
9 2
10 4
*
10
1 13 19 11 8 18 18 10 1 20
2 1
3 1
4 2
5 1
6 1
7 3
8 5
9 7
10 7
*
10
7 5 2 7 8 9 14 2 19 8
2 1
3 1
4 1
5 3
6 5
7 4
8 4
9 3
10 6
*
10
14 3 10 16 1 3 1 17 13 4
2 1
3 1
4 1
5 3
6 5
7 2
8 7
9 4
10 3
*
10
7 7 7 16 1 11 15 20 9 3
2 1
3 2
4 1
5 4
6 4
7 3
8 5
9 7
10 8
*
10
13 9 4 15 14 20 6 7 15 8
2 1
3 1
4 1
5 4
6 5
7 5
8 6
9 5
10 8
*
10
17 13 6 1 1 20 15 16 7 20
2 1
3 2
4 1
5 4
6 4
7 1
8 6
9 1
10 3
*
10
1 2 12 18 20 5 3 1 17 15
2 1
3 2
4 2
5 2
6 3
7 6
8 7
9 7
10 3
*
10
14 17 13 10 11 4 8 16 17 5
2 1
3 1
4 3
5 3
6 4
7 1
8 5
9 3
10 2
*
10
5 6 17 12 9 19 13 15 2 17
2 1
3 1
4 1
5 2
6 4
7 6
8 1
9 3
10 8
*
10
12 9 20 19 11 15 8 16 12 13
2 1
3 1
4 2
5 2
6 1
7 5
8 1
9 6
10 3
*
10
18 15 4 5 1 4 9 8 13 4
2 1
3 1
4 1
5 2
6 2
7 6
8 1
9 7
10 7
*
10
9 6 8 20 3 7 7 7 2 2
2 1
3 1
4 1
5 4
6 5
7 6
8 2
9 7
10 9
*
10
7 18 10 18 16 12 19 11 4 11
2 1
3 1
4 1
5 1
6 5
7 6
8 1
9 7
10 1
